((("midnight" .
   [0 0 0 0 1 0 0 0])
  ("require" .
   [0 0 0 0 2 0 0])
  ("main" .
   [1 0 0 0])
  ("p" .
   [1])
  ("ob" .
   [1 0])
  ("dp" .
   [6 0])
  ("up" .
   [4 0])
  ("d" .
   [3])
  ("int" .
   [1 0 0])
  ("r" .
   [2])
  ("in" .
   [3 0])
  ("dfs" .
   [3 0 0])
  ("left" .
   [2 0 0 0])
  ("j" .
   [7])
  ("k" .
   [9])
  ("c" .
   [2])
  ("i" .
   [15])
  ("resize" .
   [2 0 0 0 0 0])
  ("res" .
   [1 0 0])
  ("col" .
   [17 0 0])
  ("size" .
   [2 0 0 0])
  ("obstacleGrid" .
   [0 0 1 5 0 0 0 0 0 0 0 3])
  ("row" .
   [19 0 0])
  ("l" .
   [2])
  ("vector" .
   [9 0 0 0 0 0])
  ("cassert" .
   [1 0 0 0 0 0 0])
  ("s" .
   [2])
  ("iostream" .
   [1 0 0 0 0 0 0 0])
  ("include" .
   [3 0 0 0 0 0 0])
  ("desktop-auto-save" .
   [0 0 0 0 0 0 0 0 0 0 0 0 0 0 0 0 1])
  ("load-relative" .
   [0 0 0 0 0 0 0 1 0 0 0 0 0])
  ("deref" .
   [1 0 0 0 0])
  ("newref" .
   [1 0 0 0 0 0])
  ("run" .
   [3 0 0])
  ("initialize-store!" .
   [0 0 0 0 0 0 0 0 1 0 0 0 0 0 0 0 0])
  ("extend-env-rec*" .
   [1 0 0 0 0 0 0 0 0 0 0 0 0 0 0])
  ("lusty-explorer" .
   [0 0 0 0 0 0 0 0 0 0 0 0 0 1])))
